9.980079681274900416e-01
9.950199203187251040e-01
9.940239043824701248e-01
9.920318725099601664e-01
9.860557768924302913e-01
9.830677290836653537e-01
9.770916334661354785e-01
9.760956175298804993e-01
9.750996015936255201e-01
9.721115537848605825e-01
6.992031872509960611e-01
6.902390438247012483e-01
6.892430278884462691e-01
6.882470119521912899e-01
6.852589641434262413e-01
5.199203187250995839e-01
4.601593625498007767e-01
4.571713147410358391e-01
4.561752988047808599e-01
3.844621513944223024e-01
3.804780876494023856e-01
3.396414342629481831e-01
3.386454183266932039e-01
3.376494023904382247e-01
3.227091633466135367e-01
3.217131474103585576e-01
3.207171314741035784e-01
2.948207171314741193e-01
2.938247011952191401e-01
2.908366533864542025e-01
2.898406374501992233e-01
2.888446215139442441e-01
2.878486055776892649e-01
2.868525896414342857e-01
2.858565737051793065e-01
2.848605577689243273e-01
2.838645418326693481e-01
2.828685258964143689e-01
2.818725099601593898e-01
2.808764940239043550e-01
2.798804780876493759e-01
2.589641434262948128e-01
2.579681274900398336e-01
2.569721115537848544e-01
2.559760956175298752e-01
2.450199203187251040e-01
2.440239043824701248e-01
2.430278884462151456e-01
2.410358565737051872e-01
2.400398406374502080e-01
2.390438247011952289e-01
2.380478087649402497e-01
2.370517928286852705e-01
2.360557768924302913e-01
2.350597609561753121e-01
2.340637450199203051e-01
2.320717131474103467e-01
2.310756972111553675e-01
1.792828685258964216e-01
1.782868525896414424e-01
1.683266932270916227e-01
1.613545816733067684e-01
1.603585657370517892e-01
1.563745019920318724e-01
1.523904382470119556e-01
1.513944223107569764e-01
1.503984063745019972e-01
1.484063745019920388e-01
1.474103585657370596e-01
1.464143426294820804e-01
1.454183266932271013e-01
1.444223107569721221e-01
1.434262948207171429e-01
1.424302788844621637e-01
1.414342629482071845e-01
1.404382470119521775e-01
1.394422310756971983e-01
1.374501992031872399e-01
1.364541832669322607e-01
1.354581673306772815e-01
1.344621513944223024e-01
1.334661354581673232e-01
1.324701195219123440e-01
1.314741035856573648e-01
1.304780876494023856e-01
1.294820717131474064e-01
7.071713147410359224e-02
6.872509960159361997e-02
6.772908366533864077e-02
5.976095617529880721e-02
5.776892430278884188e-02
5.677290836653386269e-02
5.577689243027888349e-02
5.378486055776892510e-02
5.278884462151394591e-02
5.079681274900398752e-02
4.980079681274900139e-02
4.880478087649402219e-02
4.681274900398406380e-02
3.984063745019920250e-02
3.386454183266932039e-02
3.087649402390438280e-02
2.788844621513944175e-02
2.589641434262948336e-02
2.191235059760956311e-02
1.892430278884462205e-02
1.593625498007968100e-02
1.394422310756972087e-02
1.195219123505976075e-02
1.095617529880478155e-02
7.968127490039840499e-03
6.972111553784860437e-03
