9.960159362549800624e-04
1.992031872509960125e-03
2.988047808764940187e-03
3.984063745019920250e-03
4.980079681274900312e-03
5.976095617529880374e-03
6.972111553784860437e-03
7.968127490039840499e-03
8.964143426294821429e-03
9.960159362549800624e-03
1.095617529880478155e-02
1.195219123505976075e-02
1.294820717131474168e-02
1.394422310756972087e-02
1.494023904382470180e-02
1.593625498007968100e-02
1.693227091633466019e-02
1.792828685258964286e-02
1.892430278884462205e-02
1.992031872509960125e-02
2.091633466135458044e-02
2.191235059760956311e-02
2.290836653386454230e-02
2.390438247011952150e-02
2.490039840637450069e-02
2.589641434262948336e-02
2.689243027888446255e-02
2.788844621513944175e-02
2.888446215139442094e-02
2.988047808764940361e-02
3.087649402390438280e-02
3.187250996015936200e-02
3.286852589641434119e-02
3.386454183266932039e-02
3.486055776892429958e-02
3.585657370517928572e-02
3.685258964143426491e-02
3.784860557768924411e-02
3.884462151394422330e-02
3.984063745019920250e-02
4.083665338645418169e-02
4.183266932270916089e-02
4.282868525896414008e-02
4.382470119521912622e-02
4.482071713147410541e-02
4.581673306772908461e-02
4.681274900398406380e-02
4.780876494023904300e-02
4.880478087649402219e-02
4.980079681274900139e-02
5.079681274900398752e-02
5.179282868525896671e-02
5.278884462151394591e-02
5.378486055776892510e-02
5.478087649402390430e-02
5.577689243027888349e-02
5.677290836653386269e-02
5.776892430278884188e-02
5.876494023904382802e-02
5.976095617529880721e-02
6.075697211155378641e-02
6.175298804780876560e-02
6.274900398406374480e-02
6.374501992031872399e-02
6.474103585657370319e-02
6.573705179282868238e-02
6.673306772908366158e-02
6.772908366533864077e-02
6.872509960159361997e-02
6.972111553784859916e-02
7.071713147410359224e-02
7.171314741035857143e-02
7.270916334661355063e-02
7.370517928286852982e-02
7.470119521912350902e-02
7.569721115537848821e-02
7.669322709163346741e-02
7.768924302788844660e-02
7.868525896414342580e-02
7.968127490039840499e-02
8.067729083665338419e-02
8.167330677290836338e-02
8.266932270916334258e-02
8.366533864541832177e-02
8.466135458167330097e-02
8.565737051792828016e-02
8.665338645418327324e-02
8.764940239043825243e-02
8.864541832669323163e-02
8.964143426294821082e-02
9.063745019920319002e-02
9.163346613545816921e-02
9.262948207171314841e-02
9.362549800796812760e-02
9.462151394422310680e-02
9.561752988047808599e-02
9.661354581673306519e-02
9.760956175298804438e-02
9.860557768924302358e-02
9.960159362549800277e-02
1.005976095617529820e-01
1.015936254980079750e-01
1.025896414342629542e-01
1.035856573705179334e-01
1.045816733067729126e-01
1.055776892430278918e-01
1.065737051792828710e-01
1.075697211155378502e-01
1.085657370517928294e-01
1.095617529880478086e-01
1.105577689243027878e-01
1.115537848605577670e-01
